1
Lillia
55.30%
348
6
0.21
-0.4
-2.0
1,548
2
Olaf
54.23%
152
5
0.19
0.0
-1.4
933
3
Kindred
53.15%
232
226
0.32
-0.3
5.7
1,176
4
Rengar
52.77%
78
30
-0.06
1.4
0.7
1,228
5
Nidalee
52.39%
236
80
0.26
2.2
0.7
1,441
6
Graves
51.45%
173
-48
0.18
-2.4
-1.5
2,144
7
Kayn
51.00%
333
97
0.24
-0.5
0.7
4,080
8
Karthus
50.77%
226
-169
0.45
-1.6
-5.9
1,036
9
Sejuani
50.71%
581
398
0.16
1.6
8.6
777
10
Lee Sin
50.69%
188
264
-0.02
1.9
8.2
3,904
11
Jax
50.16%
391
411
-0.16
1.7
8.1
614
12
Jarvan IV
50.05%
413
430
0.26
1.4
10.7
951
13
Ekko
49.91%
406
269
0.01
0.6
6.3
1,679
14
Dr. Mundo
49.53%
32
-234
0.18
0.7
-7.3
2,255
15
Warwick
49.17%
155
333
-0.17
1.8
10.6
962
16
Viego
49.00%
57
13
0.04
0.2
1.1
2,737
17
Shyvana
48.91%
336
-15
0.11
-0.9
-2.8
599
18
Evelynn
48.90%
279
73
-0.07
3.5
2.8
1,961
19
Xin Zhao
48.60%
220
175
0.13
1.3
5.7
2,107
20
Poppy
48.50%
396
310
0.06
3.0
6.8
600
21
Kha'Zix
48.40%
161
86
-0.23
2.4
2.8
3,961
22
Ivern
48.38%
842
325
0.51
4.0
7.1
618
23
Amumu
48.32%
660
404
0.33
2.0
6.5
952
24
Nocturne
48.21%
-31
-144
-0.03
-0.2
-1.5
2,041
25
Taliyah
47.83%
317
41
0.28
0.6
2.2
345
26
Gragas
47.03%
607
395
0.13
2.4
8.1
1,044
27
Volibear
46.96%
249
174
-0.07
1.7
4.2
2,104
28
Zac
46.84%
784
552
0.15
2.6
15.2
918
29
Nunu & Willump
46.83%
567
382
0.41
0.8
9.2
1,815
30
Hecarim
46.18%
46
-94
-0.09
0.9
-0.1
5,461
31
Rammus
46.08%
844
734
0.30
3.1
14.5
2,053
32
Fiddlesticks
46.06%
401
88
0.10
-0.2
1.1
1,763
33
Elise
46.01%
352
430
-0.09
2.8
12.7
2,141
34
Vi
45.98%
420
232
0.14
1.8
4.3
1,107
35
Shaco
45.61%
22
95
-0.46
2.0
9.0
3,039
36
Udyr
45.43%
-99
-355
-0.16
0.6
-7.6
2,767
37
Rek'Sai
44.89%
12
0
-0.05
2.8
4.1
1,038
38
Skarner
44.04%
554
215
0.04
3.4
2.7
956